15179
15496
17082
17083
16566
13833
15158
15168
17074
17080
17092
17154
17155
17156
17157
17158
17159
17226
17227
17228
13363
13636
13637
13638
15276
17148
17149
17150
17151
17152
17153
17225
15713
15714
15715
15716
17096
167
501
841
842
843
845
851
862
863
864
875
896
897
898
899
1830
1851
1874
1876
3724
3879
3920
3993
6326
6350
6387
6392
6504
6710
7152
7153
7154
7155
7156
7157
7158
7159
7160
7161
7162
7163
7164
7165
7166
7167
7168
7169
7170
7171
7172
10506
10968
13296
13297
13305
13310
13311
13315
13321
13327
13333
13364
13365
13366
13367
13368
13369
13370
13371
13372
13373
13374
13375
13376
13413
13414
13415
13416
13417
13418
13419
13420
13421
13422
13423
13424
13425
13426
13427
13428
13429
13430
13431
13432
13440
13444
13451
13453
13454
13455
13456
13457
13458
13459
13460
13480
13481
13482
13483
13484
13512
13513
13514
13515
13516
13517
13518
13519
13520
13521
13522
13535
13536
13537
13538
13539
13540
13541
13548
13549
13550
13551
13552
13553
13554
13555
13563
13564
13565
13566
13570
13571
13572
13573
13574
13575
13576
13584
13585
13586
13588
13594
13595
13639
13640
13641
13642
13643
13644
13645
13646
13647
13648
13649
13650
13651
13670
13671
13672
13673
13674
13675
13680
13682
13727
13728
13729
13730
13731
13732
13733
13734
13735
13736
13737
13738
13739
13740
13741
13742
13743
13744
13745
13746
13747
13806
13807
13808
13809
13810
13811
13812
13813
13814
13815
13816
13818
13819
13821
13822
13823
13825
13826
13827
13828
13829
13830
13831
14026
14027
14028
14029
14030
14031
14032
14033
14034
14035
14036
14037
14038
14040
14041
14043
14045
14046
14047
14048
14049
14051
14052
14053
14054
14055
14056
14061
14098
14099
14100
14101
14102
14103
14104
14105
14106
14107
14108
14109
14110
14111
14112
14113
14114
14116
14117
14118
14121
14122
14123
14124
14125
14128
14130
14131
14132
14133
14568
14569
14570
14571
14572
14573
14574
14575
14576
14577
14578
14579
14580
14592
14593
14594
14595
14596
14597
14598
14599
14600
14601
14602
14613
14623
14624
14636
14637
14638
14646
14647
14648
14649
14650
14651
14652
14653
14654
14655
14656
14657
14658
14699
14713
14714
14716
14717
14718
14719
14720
14721
14743
14745
14746
14768
14769
14770
14771
14772
14774
14778
14781
14810
14814
14815
14816
14827
14828
14829
14831
14841
14842
14843
14854
14857
14863
14864
14865
14866
14886
14887
14888
14889
14890
14891
14892
14893
14894
14895
14896
14897
14898
14899
14907
14908
14909
14911
14912
14919
14920
14921
14922
14929
14935
14936
14937
14938
14939
14940
14941
14945
14946
14952
14953
14954
14955
14956
14957
14966
14967
14968
14991
15005
15007
15011
15012
15015
15016
15025
15027
15030
15036
15040
15047
15049
15056
15059
15063
15069
15074
15078
15082
15087
15096
15099
15100
15107
15117
15126
15127
15139
15184
15185
15186
15188
15193
15204
15211
15212
15213
15214
15216
15219
15221
15223
15224
15226
15230
15234
15241
15245
15246
15247
15248
15252
15253
15254
15277
15278
15279
15280
15281
15282
15283
15284
15285
15286
15287
15288
15289
15362
15363
15364
15365
15366
15367
15368
15369
15370
15371
15372
15373
15374
15375
15376
15377
15378
15379
15380
15381
15382
15383
15384
15385
15386
15387
15388
15389
15390
15391
15392
15393
15394
15395
15396
15397
15398
15399
15400
15401
15402
15403
15404
15405
15406
15407
15408
15409
15410
15411
15412
15413
15414
15415
15416
15417
15418
15419
15420
15421
15422
15423
15424
15425
15426
15427
15428
15429
15430
15431
15432
15433
15434
15435
15436
15437
15438
15439
15440
15441
15442
15443
15444
15445
15446
15447
15448
15449
15450
15451
15452
15453
15454
15455
15456
15457
15458
15459
15481
15482
15483
15484
15485
15486
15487
15488
15489
15490
15491
15492
15493
15494
15495
15509
15510
15519
15523
15540
15541
15542
15543
15544
15545
15557
15566
15567
15568
15569
15594
15595
15596
15597
15598
15599
15600
15601
15602
15603
15604
15605
15606
15607
15608
15609
15610
15611
15612
15613
15614
15615
15616
15617
15618
15619
15620
15621
15622
15623
15624
15625
15626
15627
15628
15629
15630
15631
15632
15633
15634
15635
15636
15637
15638
15639
15676
15677
15678
15680
15681
15697
15698
15699
15700
15701
15702
15703
15704
15705
15719
15720
15721
15729
15730
15734
15735
15737
15791
15792
15793
15794
15797
15799
15812
15815
15816
15819
15820
15821
15842
15843
15856
15857
15858
15859
15860
15878
15879
15880
15881
15882
15884
15905
15906
15907
15908
15909
15910
15911
15912
15913
15914
16498
16499
16503
16505
16506
16518
16526
16531
16533
16534
16537
16545
16554
16557
16558
16559
16581
16583
16586
16588
16589
16596
16601
16602
16603
16604
16605
16606
16639
16640
16642
16653
16654
16655
16656
16658
16669
16670
16677
16678
16683
16800
16801
16802
16803
16804
16806
16807
16808
16809
16810
16811
16812
16835
16836
16837
16838
16839
16840
16841
16863
16864
16865
16866
16867
16868
16869
16870
16884
16885
16886
16887
16888
16889
16890
16898
16899
16900
16901
16902
16903
16904
16905
16910
16911
16912
16913
16914
16966
16967
16968
16969
16970
16971
16972
16973
16974
16975
16976
16977
16978
16979
16980
16981
16982
16983
16984
16985
16986
16989
17012
17013
17014
17015
17016
17017
17018
17020
17021
17022
17023
17024
17027
17049
17050
17051
17052
17053
17054
17055
17056
17057
17058
17059
17061
17081
17098
17100
17102
17105
17112
17124
17128
17131
17166
17167
17168
17169
17170
17176
17177
17181
17182
17218
17219
17258
17260
17288
17318
161
407
844
852
853
865
886
1555
1843
1871
6524
6615
13302
13306
13307
13308
13319
14042
14044
14115
14119
14120
14126
14129
14612
14614
14615
14616
14626
14627
14628
14683
14684
14685
14686
14695
14696
14697
14698
14700
14701
14715
14741
14742
14744
14747
14748
14773
14775
14776
14777
14779
14780
14787
14788
14804
14805
14806
14811
14990
14994
14995
15002
15018
15020
15022
15024
15032
15034
15039
15109
15111
15113
15133
15135
15795
15796
15798
15800
15813
15814
15817
15818
15883
16524
16538
16541
16544
16584
16585
16587
16621
16622
16624
16632
16987
16988
17019
17026
17060
17062
17070
17084
17085
17087
17101
17104
17109
17115
17120
17125
17129
17134
17136
17162
17163
17208
17209
17210
17211
17212
17213
17229
15658
15659
15660
15661
15662
15663
15664
15665
15666
15667
15668
15669
15670
15671
15724
17171
13678
15741
16501
17187
13461
13462
13463
13464
13465
13466
13485
13486
13487
13488
13489
13490
13491
13492
13493
13494
13495
13496
13523
13524
13525
13526
13527
13528
13529
13530
13567
13568
13577
13578
13579
13589
13590
13591
13592
13596
15051
15057
15101
15120
17217
17220
17221
17222
17223
308
847
866
878
879
880
888
1892
1931
1938
3929
4020
6601
6783
6784
13295
13320
13832
14127
14134
14135
14136
14137
14138
14139
14603
14604
14605
14625
14749
14751
14752
14753
14754
14782
14783
14789
14790
14809
14817
14837
14867
14868
14869
15028
15738
15844
15847
15888
15892
15915
16631
16805
16893
16917
17066
17184
17216
14702
14703
16590
13987
13988
13989
13990
13991
13992
13993
13994
13995
17142
17143
17028
17029
17030
17031
17032
17033
17034
17035
17036
17037
17038
17039
17040
17073
1318
1781
1918
3313
5201
5217
6054
6560
9570
11011
11424
12222
12356
13765
15686
17145
17146
17147
855
891
893
13436
13679
13684
13685
13762
13763
13764
13766
13768
14057
14059
14060
14609
14610
14667
14723
14724
14725
14727
15044
15115
15150
15152
15157
15159
15162
15164
15166
15170
15171
15739
15740
15754
16517
16608
16610
16630
16659
16995
17185
17186
15149
835
836
837
838
839
848
849
850
858
859
861
867
868
869
871
872
873
874
885
1794
1798
1816
1835
1844
3403
3413
3414
3711
6385
6467
7124
7125
7126
7127
7128
7129
7130
7131
7132
7133
7134
7135
7136
7137
7138
7139
7140
7141
7142
7143
7144
7145
7146
7147
7148
7149
7150
7151
8774
8931
8964
9011
9584
11034
13298
13299
13301
13303
13304
13309
13314
13317
13318
13324
13325
13326
13328
13329
13331
13332
13335
13336
13337
13338
13339
13340
13341
13342
13343
13344
13345
13346
13347
13348
13349
13350
13351
13352
13353
13354
13355
13356
13357
13358
13359
13360
13361
13362
13379
13380
13381
13382
13383
13384
13385
13386
13387
13388
13389
13390
13391
13392
13393
13394
13395
13396
13397
13398
13399
13400
13401
13402
13403
13404
13405
13406
13407
13408
13409
13410
13411
13412
13438
13442
13443
13445
13446
13447
13448
13449
13450
13471
13472
13473
13474
13475
13476
13477
13478
13479
13504
13505
13506
13507
13508
13509
13510
13511
13532
13533
13534
13543
13544
13545
13546
13547
13556
13557
13558
13559
13560
13561
13562
13569
13580
13581
13582
13583
13597
13598
13599
13600
13601
13602
13603
13604
13605
13606
13607
13608
13609
13610
13611
13612
13613
13614
13615
13616
13617
13618
13619
13620
13621
13622
13623
13624
13625
13626
13627
13628
13629
13630
13631
13632
13633
13634
13635
13652
13653
13654
13655
13656
13657
13658
13659
13660
13661
13662
13663
13664
13665
13666
13667
13668
13669
13683
13687
13688
13689
13690
13691
13692
13693
13694
13695
13696
13697
13698
13699
13700
13701
13702
13703
13704
13705
13706
13707
13708
13709
13710
13711
13712
13713
13714
13715
13716
13717
13718
13719
13720
13721
13722
13723
13724
13725
13726
13773
13774
13775
13776
13777
13778
13779
13783
13784
13785
13786
13787
13788
13789
13790
13791
13792
13793
13794
13795
13796
13797
13798
13799
13800
13801
13802
13803
13804
13805
13834
13836
13837
13838
13839
13840
13841
13842
13843
13844
13845
13846
13847
13848
13984
13985
13986
13996
13997
13998
13999
14000
14001
14002
14003
14004
14005
14006
14007
14008
14009
14010
14011
14012
14013
14014
14015
14016
14017
14018
14019
14020
14021
14022
14023
14024
14025
14065
14066
14067
14068
14069
14070
14071
14072
14073
14074
14075
14076
14077
14078
14079
14080
14081
14082
14083
14084
14085
14086
14087
14088
14089
14090
14091
14092
14093
14094
14095
14096
14097
14544
14545
14546
14547
14548
14549
14550
14551
14552
14553
14554
14555
14556
14557
14558
14559
14560
14561
14562
14563
14564
14565
14566
14567
14581
14582
14583
14584
14585
14586
14587
14588
14589
14590
14591
14611
14617
14618
14619
14620
14621
14622
14639
14640
14641
14642
14643
14644
14645
14670
14671
14672
14673
14674
14675
14676
14677
14679
14680
14681
14682
14691
14707
14708
14709
14710
14711
14712
14729
14730
14731
14732
14733
14734
14736
14737
14738
14740
14757
14758
14759
14760
14761
14763
14766
14767
14785
14792
14794
14795
14797
14798
14799
14800
14822
14823
14824
14825
14826
14832
14838
14839
14840
14847
14848
14849
14850
14851
14852
14853
14860
14861
14874
14875
14876
14877
14878
14879
14880
14881
14882
14883
14884
14885
14903
14904
14905
14906
14910
14914
14915
14916
14917
14918
14927
14928
14931
14932
14933
14934
14943
14944
14950
14951
14959
14960
14961
14962
14963
14964
14965
14973
14974
14975
14976
14977
14978
14979
14980
14981
14982
14983
14984
14985
14986
14987
14988
14989
14993
14996
14998
14999
15000
15001
15003
15004
15010
15013
15017
15021
15023
15026
15031
15035
15037
15038
15041
15042
15045
15046
15048
15050
15052
15054
15055
15058
15060
15061
15062
15064
15065
15066
15067
15068
15070
15071
15073
15075
15077
15079
15081
15084
15085
15086
15089
15090
15091
15092
15094
15095
15097
15098
15102
15103
15104
15105
15106
15108
15110
15112
15114
15116
15118
15119
15121
15122
15123
15124
15125
15128
15129
15130
15131
15134
15136
15137
15138
15140
15141
15177
15180
15181
15182
15189
15194
15195
15196
15197
15198
15199
15200
15201
15202
15203
15208
15209
15217
15218
15220
15222
15225
15227
15228
15229
15231
15232
15235
15236
15237
15238
15240
15242
15243
15244
15249
15250
15251
15255
15256
15257
15258
15259
15260
15261
15262
15263
15264
15265
15266
15267
15268
15269
15270
15271
15272
15273
15274
15275
15296
15297
15298
15299
15300
15301
15302
15303
15304
15305
15306
15307
15308
15309
15310
15311
15312
15313
15314
15315
15316
15317
15318
15319
15320
15321
15322
15323
15324
15325
15326
15327
15328
15329
15330
15331
15332
15333
15334
15335
15336
15337
15338
15339
15340
15341
15342
15343
15344
15345
15346
15347
15348
15349
15350
15351
15352
15353
15354
15355
15356
15357
15358
15359
15360
15361
15497
15498
15499
15500
15501
15502
15505
15506
15507
15508
15511
15512
15513
15514
15515
15516
15517
15518
15520
15526
15527
15528
15529
15530
15531
15532
15533
15534
15535
15536
15537
15538
15539
15547
15548
15549
15550
15551
15552
15553
15554
15555
15556
15558
15559
15560
15561
15562
15563
15564
15565
15572
15573
15574
15575
15576
15577
15578
15579
15580
15581
15582
15583
15584
15585
15586
15587
15588
15589
15590
15591
15592
15593
15672
15673
15674
15675
15685
15687
15688
15689
15690
15691
15692
15693
15694
15695
15696
15717
15718
15722
15725
15726
15728
15733
15781
15782
15783
15784
15786
15787
15788
15790
15806
15807
15808
15810
15811
15832
15834
15835
15838
15839
15840
15841
15850
15852
15853
15854
15855
15867
15868
15869
15870
15872
15873
15896
15897
15898
15899
15900
15901
15902
15903
15904
16497
16500
16502
16504
16507
16508
16509
16521
16522
16523
16527
16528
16530
16532
16535
16539
16547
16550
16552
16553
16555
16556
16560
16571
16572
16574
16575
16576
16577
16578
16579
16580
16582
16598
16599
16600
16613
16614
16615
16617
16618
16633
16634
16636
16637
16638
16646
16647
16648
16649
16650
16651
16661
16672
16673
16674
16675
16676
16679
16681
16682
16685
16687
16688
16786
16787
16788
16789
16790
16791
16792
16793
16794
16795
16796
16797
16798
16799
16816
16817
16818
16819
16820
16821
16822
16823
16824
16825
16826
16827
16828
16829
16830
16831
16832
16833
16834
16852
16853
16854
16855
16856
16857
16858
16859
16860
16861
16862
16874
16875
16876
16877
16878
16879
16880
16881
16882
16883
16894
16895
16896
16897
16907
16908
16909
16922
16923
16924
16925
16927
16928
16929
16930
16931
16932
16933
16934
16935
16936
16937
16938
16939
16940
16941
16942
16944
16945
16946
16947
16948
16949
16950
16951
16952
16953
16954
16955
16956
16962
16963
16964
16998
16999
17000
17001
17002
17003
17004
17005
17006
17007
17008
17009
17010
17011
17041
17042
17043
17044
17045
17046
17047
17048
17071
17072
17075
17076
17078
17079
17086
17088
17089
17090
17091
17093
17094
17095
17097
17099
17103
17106
17107
17108
17110
17111
17113
17114
17116
17117
17119
17122
17123
17126
17127
17130
17132
17133
17135
17137
17138
17139
17140
17141
17164
17165
17172
17173
17175
17180
17188
17189
17190
17191
17192
17193
17194
17195
17196
17197
17198
17199
17200
17201
17202
17203
17204
17205
17214
17215
17224
17230
17231
17234
17238
17242
17243
17244
17251
17254
17255
17256
17259
17262
17265
17268
17273
17277
17282
17289
17290
17293
17296
17299
17300
17301
17307
17308
17310
17313
17314
17316
17317
13767
13769
13770
13771
13772
14705
14706
14726
14755
14812
14813
14818
14819
14820
14821
14830
14835
14844
14845
14846
14856
14858
14859
14870
14871
14872
14873
15008
15014
15029
15033
15076
15163
15174
15292
15293
15294
15295
15503
15504
15521
15522
15524
15525
15683
15684
15742
15743
15744
15745
15746
15747
15748
15750
15751
15752
15753
15755
15756
15757
15758
15759
15760
15761
15762
15763
15764
15765
15766
15767
15768
15769
15770
15771
15772
15773
15774
15775
15776
15777
15778
15779
15780
15805
15831
15848
15849
15866
15894
15895
16510
16511
16512
16513
16514
16515
16516
16548
16549
16561
16562
16563
16564
16565
16567
16568
16569
16570
16573
16591
16592
16593
16594
16595
16607
16609
16623
16625
16626
16627
16628
16629
16635
16641
16643
16644
16645
16662
16663
16664
16665
16666
16667
16668
16680
16684
17077
17232
17233
17235
17237
17239
17240
17241
17245
17246
17247
17248
17249
17250
17252
17253
17261
17263
17264
17267
17269
17270
17271
17272
17274
17275
17276
17278
17279
17280
17281
17283
17284
17285
17286
17287
17291
17292
17294
17295
17297
17298
17302
17303
17304
17305
17306
17309
17311
17312
17315
17144
13439
13441
13467
13468
13469
13470
13497
13498
13499
13500
13501
13502
13503
13531
13593
14678
14689
14694
14728
14756
16961
13323
13542
14690
14692
14693
14735
14739
14762
14764
14765
14786
14793
14796
14801
14802
14803
14836
14862
14992
15006
15019
15072
15083
15088
15727
15785
15789
15809
15836
15837
15871
16612
16616
16619
16620
16926
16943
16965
17121
17161
17174
17206
17207
17236
17257
17266
15143
15151
15155
15156
15161
15165
15169
15172
15175
15153
854
900
2014
3893
7174
7175
7176
13300
13312
13313
13316
13322
13330
13334
13377
13378
13433
13676
13677
13748
14058
14659
14660
14661
14662
14663
14664
14665
14666
14722
14750
14807
14808
14900
14901
14902
14913
14923
14924
14925
14926
14930
14942
14947
14948
14949
14958
14969
14997
15009
15053
15080
15093
15132
15176
15178
15183
15187
15190
15191
15192
15205
15206
15207
15210
15215
15233
15290
15291
15460
15461
15462
15463
15464
15465
15466
15467
15468
15469
15470
15471
15472
15473
15474
15475
15476
15477
15478
15479
15480
15546
15570
15571
15640
15641
15642
15643
15644
15645
15646
15647
15648
15649
15650
15651
15652
15653
15654
15655
15656
15657
15679
15682
15723
15731
15732
15736
15749
15801
15802
15803
15804
15822
15823
15824
15825
15826
15827
15828
15829
15830
15845
15846
15861
15862
15863
15864
15865
15885
15886
15887
15889
15890
15891
15893
15916
15917
15918
15919
15920
15921
15922
15923
15924
16519
16520
16529
16540
16546
16551
16611
16657
16660
16671
16686
16813
16814
16815
16842
16843
16844
16845
16846
16847
16848
16849
16850
16851
16871
16872
16873
16891
16892
16906
16915
16916
16918
16919
16920
16921
16990
16991
16992
16993
16994
17063
17064
17065
17067
17068
17069
17178
17179
17183
16957
16958
16959
16960
13780
13781
13782
15706
15707
15708
15709
15710
15711
15712
7177
7178
7179
7180
13835
14062
14063
14064
14542
14543
14791
14970
14971
14972
15833
15851
15874
15875
15876
15877
16597
17118
17160
13754
856
881
890
903
13437
13681
14630
14704
14833
14834
14855
15144
15148
15154
15160
892
894
901
904
10313
13434
13435
13686
13749
13750
13751
13752
13753
13755
13756
13757
13758
13759
13760
13761
13817
13820
13824
14039
14050
14606
14607
14608
14629
14631
14632
14633
14634
14635
14668
14669
14687
14688
14784
15043
15142
15145
15146
15147
15167
15173
15239
16525
16536
16542
16543
16652
16689
16996
16997
17025
